TS11 TS     
            0.724550342            0.272483459            0.633071533
            0.352003383           -0.935998728            0.000000000
           -0.592554150           -0.222843321            0.774093298
TS12 TS     
            0.749302622            0.259466367            0.609280547
            0.327214600           -0.944950054            0.000000000
           -0.575739686           -0.199365491            0.792954737
TS13 TS     
            0.773481693            0.243382214            0.585227451
            0.300149789           -0.953892082            0.000000000
           -0.558243832           -0.175655896            0.810869182
TS14 TS     
            0.796959377            0.223911622            0.560998517
            0.270484509           -0.962724327            0.000000000
           -0.540086920           -0.151741409            0.827816806
TS15 TS     
            0.819565910            0.200685985            0.536690651
            0.237841858           -0.971303892            0.000000000
           -0.521289718           -0.127647502            0.843779086
TS16 TS     
            0.841071303            0.173291287            0.512415060
            0.201797643           -0.979427236            0.000000000
           -0.501873266           -0.103404151            0.858737915
TS17 TS     
            0.861169075            0.141251810            0.488298833
            0.161860451           -0.986813657            0.000000000
           -0.481859957           -0.079036270            0.872676486
TS18 TS     
            0.879445595            0.104045666            0.464488907
            0.117488867           -0.993074200            0.000000000
           -0.461271950           -0.054572275            0.885578938
TS19 TS     
            0.895347298            0.061109303            0.441156286
            0.068093648           -0.997678934            0.000000000
           -0.440132333           -0.030039941            0.897430293
TS10 TS     
            0.908139045            0.011862827            0.418500596
            0.013061673           -0.999914693            0.000000000
           -0.418464895           -0.005466318            0.908216522
