 PDE 2018 08 12 14 58 53.30   69.7864 -145.1081  11.5 6.4 6.4 NORTHERN ALASKA
event name:           00B87E
time shift:           0.0000
half duration:        4.3100
latitude:            69.6864
longitude:         -144.8187
depth:               11.5000
Mrr:           -1.015100E+25
Mtt:           -1.644300E+25
Mpp:            2.659300E+25
Mrt:           -8.487000E+24
Mrp:           -1.468700E+25
Mtp:           -4.792400E+25
