PDE 2018  8 12 14 58 53.30  69.6864 -144.8187  11.5
event name:     000000A
time shift:      0.0000
half duration:   4.3100
latorUTM: -1277326.8597
longorUTM:-1811981.4872
depth:     5948923.9265
Mrr:     -5.364039E+024
Mtt:     -3.640826E+025
Mpp:      4.177130E+025
Mrt:     -8.133608E+022
Mrp:      5.274983E+024
Mtp:      3.933610E+025
