XZ     A03    
            0.390882401            0.580643018            0.714188094
            0.829544738           -0.558440263            0.000000000
           -0.398831387           -0.592450976            0.699953831
XZ     A06    
            0.389456970            0.581654067            0.714144113
            0.830935920           -0.556368130            0.000000000
           -0.397327025           -0.593407996            0.699998704
XZ     A08    
            0.388361122            0.582300919            0.714213748
            0.831944438           -0.554858948            0.000000000
           -0.396287889           -0.594186156            0.699927655
XZ     A10    
            0.387239027            0.582951953            0.714291927
            0.832969530           -0.553318861            0.000000000
           -0.395231195           -0.594983410            0.699847872
XZ     A11    
            0.386713155            0.583396655            0.714213748
            0.833509937           -0.552504465            0.000000000
           -0.394606285           -0.595304257            0.699927655
XZ     A12    
            0.386284578            0.583656600            0.714233294
            0.833905088           -0.551907877            0.000000000
           -0.394190981           -0.595602778            0.699907710
XZ     A13    
            0.385879876            0.584085594            0.714101352
            0.834357540           -0.551223635            0.000000000
           -0.393629543           -0.595815847            0.700042327
XZ     A15    
            0.384744786            0.584805570            0.714124566
            0.835414275           -0.549620769            0.000000000
           -0.392497693           -0.596589856            0.700018646
XZ     A17    
            0.383758365            0.585529347            0.714062253
            0.836372271           -0.548161859            0.000000000
           -0.391421692           -0.597221868            0.700082209
XZ     A20    
            0.382181325            0.586421564            0.714175878
            0.837785429           -0.545999610            0.000000000
           -0.389939751           -0.598326144            0.699966296
XZ     A21    
            0.381586963            0.586740093            0.714232072
            0.838309165           -0.545195143            0.000000000
           -0.389395856           -0.598747292            0.699908956
XZ     A22    
            0.381072485            0.587159069            0.714162439
            0.838822627           -0.544404813            0.000000000
           -0.388793469           -0.599055613            0.699980007
XZ     A24    
            0.380170429            0.587698993            0.714199089
            0.839638824           -0.543145141            0.000000000
           -0.387913765           -0.599669283            0.699942613
XZ     A25    
            0.379630564            0.588079026            0.714173434
            0.840150354           -0.542353559            0.000000000
           -0.387334504           -0.600013063            0.699968789
XZ     A27    
            0.378506733            0.588838550            0.714144113
            0.841199486           -0.540724906            0.000000000
           -0.386155509           -0.600737661            0.699998704
XZ     A28    
            0.377563638            0.589427425            0.714157552
            0.842057231           -0.539388190            0.000000000
           -0.385208150           -0.601361531            0.699984993
XZ     A30    
            0.375412675            0.590780525            0.714173434
            0.844009811           -0.536327735            0.000000000
           -0.383031020           -0.602769385            0.699968789
XZ     A32    
            0.373451766            0.592091292            0.714116013
            0.845811631           -0.533481663            0.000000000
           -0.380967798           -0.604007630            0.700027371
XZ     A34    
            0.371396356            0.593320973            0.714167326
            0.847631637           -0.530585156            0.000000000
           -0.378926582           -0.605350820            0.699975021
XZ     A38    
            0.366900336            0.595991683            0.714267497
            0.851571427           -0.524238595            0.000000000
           -0.374446589           -0.608249792            0.699872805
XZ     A40    
            0.365032054            0.597104185            0.714295591
            0.853195960           -0.521590505            0.000000000
           -0.372569798           -0.609434112            0.699844132
XZ     A42    
            0.362849713            0.598405164            0.714318798
            0.855083855           -0.518489730            0.000000000
           -0.370366961           -0.610802472            0.699820444
